2344658	2344668	501.5704
2472917	2472927	501.5704
1430639	1430649	501.5704
3825753	3825763	501.5704
421472	421484	503.0002
635098	635110	503.0002
3406646	3406658	503.0002
112892	112904	503.0002
4362208	4362220	505.1533
1778127	1778139	505.1533
2124058	2124068	505.8732
502557	502567	505.8732
4031035	4031045	505.8732
873603	873613	505.8732
2014118	2014128	505.8732
3354217	3354227	505.8732
3088657	3088669	506.5942
4495640	4495652	507.3164
1546910	1546922	508.4018
181284	181296	509.4897
390261	390271	512.4032
2815276	2815286	512.4032
3496619	3496629	512.4032
1274408	1274418	512.4032
1511054	1511064	512.4032
4373726	4373736	512.4032
424142	424152	512.4032
2422726	2422736	512.4032
4301462	4301472	512.4032
2423212	2423222	512.4032
1368260	1368270	512.4032
642732	642742	512.4032
1368053	1368063	512.4032
3495412	3495422	512.4032
3290358	3290368	512.4032
3176485	3176495	512.4032
2018479	2018489	512.4032
590221	590233	514.2334
2019230	2019242	514.2334
3980237	3980249	514.2334
3417966	3417978	514.2334
405280	405292	514.2334
1235140	1235152	514.2334
3090061	3090073	514.2334
3080588	3080598	514.9674
3573614	3573624	514.9674
4017114	4017124	514.9674
1251784	1251794	514.9674
4217191	4217199	516.0707
2884307	2884315	516.0707
3566309	3566317	516.0707
1845963	1845971	516.0707
1861079	1861087	516.0707
3085239	3085247	516.0707
329615	329623	516.0707
3257057	3257065	516.0707
1758545	1758553	516.0707
699359	699367	516.0707
3221625	3221633	516.0707
2368375	2368383	516.0707
27052	27060	516.0707
1677382	1677390	516.0707
4252661	4252669	516.0707
3171881	3171889	516.0707
1825887	1825899	518.2849
430031	430043	518.2849
4450931	4450941	521.2534
1077131	1077141	521.2534
203211	203221	521.2534
31489	31499	523.1181
29677	29687	523.1181
1302446	1302456	523.1181
1854387	1854397	523.1181
3187535	3187547	523.1181
3269466	3269476	523.1181
2716358	2716368	523.1181
263062	263072	523.1181
2759563	2759575	523.1181
2354499	2354509	523.1181
1685517	1685527	523.1181
4354036	4354046	523.4919
1569109	1569119	523.4919
861729	861741	524.9901
4373725	4373737	524.9901
2759564	2759574	524.9901
1652375	1652385	524.9901
1092508	1092520	524.9901
1465494	1465506	524.9901
1135265	1135275	524.9901
3462514	3462524	524.9901
1305712	1305722	524.9901
3119372	3119382	524.9901
617593	617603	524.9901
272003	272013	524.9901
1996542	1996552	524.9901
3544265	3544275	527.2462
3088659	3088669	527.2462
46926	46938	531.4098
1731067	1731079	531.4098
4199023	4199035	531.4098
3270740	3270752	531.4098
473141	473153	531.7901
1553714	1553726	531.7901
2256605	2256615	531.7901
4082487	4082499	531.7901
3496970	3496980	531.7901
1590636	1590646	531.7901
715466	715476	531.7901
3572095	3572107	531.7901
3603882	3603894	531.7901
2298159	2298171	531.7901
2921148	2921160	531.7901
2298158	2298168	531.7901
2753429	2753439	531.7901
4120903	4120913	531.7901
1109891	1109901	531.7901
723607	723617	531.7901
2181336	2181346	531.7901
4022306	4022316	531.7901
2523908	2523918	531.7901
347657	347669	531.7901
3081747	3081757	534.078
672532	672542	534.078
1360138	1360148	534.078
2850544	2850554	534.078
3729129	3729139	534.078
673558	673568	534.078
1495366	1495376	534.078
4495	4505	534.078
1198955	1198965	534.078
4447792	4447802	534.078
3385960	3385970	534.078
3269467	3269477	534.078
2855632	2855644	534.8431
2446153	2446165	534.8431
1758314	1758326	534.8431
4120985	4120997	534.8431
1618331	1618343	535.6093
3160434	3160446	535.6093
3430047	3430059	535.6093
181286	181296	535.9929
4340580	4340592	535.9929
643503	643515	536.7609
488071	488083	536.7609
3955591	3955603	536.7609
3496617	3496629	540.6191
2018477	2018489	540.6191
1918247	1918259	540.6191
108714	108726	543.7275
78675	78687	543.7275
3058071	3058083	543.7275
334029	334041	543.7275
2217190	2217202	543.7275
288060	288072	543.7275
3344537	3344549	546.8554
3563200	3563210	546.8554
2884308	2884318	546.8554
2887402	2887414	546.8554
1245070	1245080	546.8554
2762364	2762374	546.8554
1777032	1777042	546.8554
2375255	2375267	546.8554
2355575	2355585	546.8554
508163	508173	546.8554
3132465	3132475	546.8554
1604768	1604780	546.8554
3674999	3675009	546.8554
989999	990009	546.8554
3115343	3115353	546.8554
3540644	3540654	546.8554
2073443	2073453	546.8554
2398447	2398459	547.2477
4171741	4171753	547.2477
3172360	3172372	550.0029
3361697	3361709	553.5674
4139571	4139583	553.5674
3558000	3558012	555.1598
334028	334040	555.9578
3132463	3132475	564.0074
3469587	3469599	564.0074
150810	150822	564.4132
555398	555410	564.4132
1778126	1778138	564.4132
3874076	3874088	564.4132
1889554	1889566	564.4132
4476793	4476805	567.6711
2954387	2954399	567.6711
2916959	2916971	568.4887
3406996	3407008	568.4887
2574145	2574157	568.4887
3813686	3813698	568.4887
2676391	2676403	568.898
4022305	4022317	569.7176
2482304	2482316	569.7176
2224460	2224472	569.7176
2783910	2783922	571.3607
4140235	4140245	571.3607
1683672	1683682	571.3607
4139572	4139582	571.3607
729439	729449	571.3607
3172362	3172372	571.3607
2560613	2560623	571.3607
639195	639205	571.3607
1983873	1983883	571.3607
3192330	3192342	571.3607
2095721	2095731	571.3607
3274802	3274814	571.3607
1560778	1560790	572.1842
1726270	1726282	573.0089
2742841	2742851	575.491
624563	624575	575.9058
1547443	1547455	575.9058
4461245	4461257	577.1522
2585736	2585748	578.8186
1233406	1233418	578.8186
1823585	1823597	579.2361
2587712	2587724	579.2361
883305	883315	579.6538
2547092	2547102	579.6538
3048944	3048954	579.6538
2585208	2585220	580.9091
2191736	2191748	580.9091
962546	962558	580.9091
13239	13249	581.7475
2924451	2924461	581.7475
3473613	3473623	581.7475
2577705	2577715	581.7475
1066131	1066141	582.1673
4252683	4252693	582.1673
861730	861740	582.1673
1230154	1230164	582.1673
1672103	1672113	582.1673
3912677	3912689	583.4285
2058199	2058211	583.4285
2058201	2058213	583.4285
3547672	3547684	583.4285
465404	465416	583.4285
3350556	3350568	583.4285
2066489	2066501	583.4285
430032	430044	583.4285
3583865	3583877	583.4285
3583863	3583875	583.4285
3583861	3583873	583.4285
2149310	2149322	583.4285
970562	970574	583.4285
3433230	3433242	583.4285
623603	623613	583.8495
4440167	4440177	583.8495
3081746	3081758	584.2709
3578379	3578391	585.9597
3300268	3300276	587.2299
4440169	4440177	587.2299
3836357	3836365	587.2299
1006509	1006517	587.2299
2728940	2728948	587.2299
3566310	3566318	587.2299
623605	623613	587.2299
394793	394801	587.2299
4435703	4435711	587.2299
3300400	3300408	587.2299
2580105	2580117	591.4854
3557301	3557313	591.9128
2601674	2601686	592.3405
2583854	2583866	592.3405
1248899	1248909	593.197
3300810	3300820	593.197
2575255	2575265	593.197
4295930	4295940	593.197
1233409	1233419	594.4842
694250	694260	594.4842
3573615	3573625	594.4842
1218976	1218986	594.4842
2201027	2201037	594.914
4180312	4180322	594.914
329614	329624	594.914
240066	240076	594.914
2954386	2954398	595.3441
4127946	4127958	596.2053
1225323	1225335	596.6364
853497	853507	597.9317
3712666	3712676	597.9317
4450120	4450130	597.9317
2523909	2523921	600.0975
2388589	2388601	600.0975
4140236	4140248	600.0975
3161340	3161352	600.0975
2153921	2153929	603.5805
1433027	1433035	603.5805
3083868	3083876	603.5805
3605146	3605154	603.5805
1531189	1531197	603.5805
1847136	1847144	603.5805
272441	272449	603.5805
3049187	3049199	603.5805
4442643	4442651	603.5805
4461702	4461710	603.5805
1856	1864	603.5805
3355925	3355933	603.5805
1525056	1525066	606.2072
2274532	2274542	606.2072
609018	609028	606.2072
4284684	4284694	606.2072
538338	538348	606.2072
3132466	3132476	606.2072
3932083	3932095	606.2072
3192325	3192335	607.5252
715886	715896	607.5252
1426513	1426523	607.5252
3432921	3432931	607.5252
1208379	1208391	608.4057
3469589	3469601	608.4057
3469591	3469603	608.4057
3060999	3061011	610.6128
421474	421484	612.3848
317284	317294	612.3848
589146	589156	612.3848
1155446	1155456	612.3848
2432547	2432557	612.3848
590223	590233	612.3848
405282	405292	612.3848
2128330	2128340	612.3848
3406648	3406658	612.3848
2734385	2734395	612.3848
635100	635110	612.3848
1778129	1778139	612.3848
2191740	2191750	612.3848
3980239	3980249	612.3848
2493423	2493433	612.3848
1279173	1279183	612.3848
3334890	3334900	612.3848
533704	533714	612.3848
2710973	2710983	612.3848
3090063	3090073	612.3848
2019232	2019242	612.3848
968925	968935	612.3848
495373	495383	612.3848
3417968	3417978	612.3848
2055499	2055509	612.3848
2305916	2305926	612.3848
859137	859147	612.3848
2779011	2779021	612.3848
4362210	4362220	612.3848
3924655	3924665	612.3848
2573885	2573895	612.3848
112894	112904	612.3848
740927	740937	612.3848
3917946	3917956	612.3848
530242	530252	612.3848
4052114	4052124	612.3848
2421998	2422008	612.3848
2556777	2556787	612.3848
2827614	2827624	612.3848
2167300	2167310	612.3848
4461701	4461711	612.8286
2355573	2355585	613.2728
3674997	3675009	613.2728
1831137	1831149	613.7174
4414903	4414915	614.1623
1518085	1518097	614.1623
1495363	1495375	614.1623
2415953	2415965	614.1623
2304661	2304673	614.6076
2046713	2046725	614.6076
3880269	3880281	614.6076
1073074	1073086	614.6076
2049216	2049228	614.6076
3879230	3879242	614.6076
482108	482120	615.9455
3143229	3143241	617.7344
4298721	4298733	617.7344
609015	609027	618.1825
502553	502565	618.1825
3053929	3053941	620.4282
164372	164384	620.4282
4386697	4386709	620.4282
3143228	3143240	620.8785
1638911	1638923	622.6829
1233407	1233419	622.6829
3603881	3603893	624.04
342784	342796	625.8544
3947178	3947190	625.8544
48522	48532	625.8544
3405298	3405308	625.8544
1732663	1732673	625.8544
1879662	1879674	626.7638
2040926	2040938	633.1699
1006508	1006518	635.9371
3428453	3428463	635.9371
4109804	4109816	637.3257
2274530	2274542	637.7893
2611228	2611240	639.6473
1709582	1709594	639.6473
263707	263719	641.9781
1305711	1305723	645.7266
4187200	4187212	645.7266
3469590	3469602	647.1384
2467251	2467263	647.1384
3729128	3729140	649.499
4127947	4127959	649.499
3871806	3871818	649.499
1572546	1572554	650.9198
1638919	1638927	650.9198
3469583	3469595	650.9198
2775646	2775654	650.9198
2815278	2815286	650.9198
985379	985387	650.9198
4375524	4375532	650.9198
3813690	3813698	650.9198
996909	996917	650.9198
1879666	1879674	650.9198
694403	694411	650.9198
2574149	2574157	650.9198
404017	404025	650.9198
1073290	1073298	650.9198
569586	569594	650.9198
3335557	3335565	650.9198
3212385	3212393	650.9198
2344660	2344668	650.9198
2344646	2344654	650.9198
2610296	2610304	650.9198
4373728	4373736	650.9198
3344541	3344549	650.9198
1634793	1634801	650.9198
643506	643514	650.9198
1726274	1726282	650.9198
1726746	1726754	650.9198
1726965	1726973	650.9198
3436290	3436298	650.9198
883304	883316	650.9198
390263	390271	650.9198
2375259	2375267	650.9198
2377108	2377116	650.9198
1604772	1604780	650.9198
3337692	3337700	650.9198
1736928	1736936	650.9198
2472919	2472927	650.9198
1077476	1077484	650.9198
2077613	2077621	650.9198
2018481	2018489	650.9198
3290360	3290368	650.9198
3407000	3407008	650.9198
4301464	4301472	650.9198
3496621	3496629	650.9198
1511056	1511064	650.9198
2916963	2916971	650.9198
3825755	3825763	650.9198
2423214	2423222	650.9198
2058019	2058027	650.9198
1338975	1338983	650.9198
3077485	3077493	650.9198
2446156	2446164	650.9198
2159737	2159749	650.9198
2080900	2080908	650.9198
2422728	2422736	650.9198
1430641	1430649	650.9198
3058074	3058082	650.9198
337447	337455	650.9198
1460597	1460605	650.9198
1135268	1135276	650.9198
1941653	1941661	650.9198
1463427	1463435	650.9198
308776	308784	650.9198
3620818	3620830	651.3941
1546911	1546923	654.2482
3361694	3361706	654.2482
4415746	4415758	654.2482
4213905	4213917	654.7252
2751817	2751829	655.6803
2221868	2221880	656.637
41636	41648	656.637
4388932	4388944	657.1159
3192328	3192340	657.5951
4494256	4494268	657.5951
1077916	1077926	659.0352
2923132	2923144	659.0352
4202390	4202402	660.4787
1736924	1736936	660.4787
3045197	3045209	660.4787
4298720	4298732	660.4787
1638912	1638924	660.4787
2493424	2493436	663.3761
1235142	1235154	663.3761
4052112	4052124	663.3761
2191735	2191747	663.3761
1225325	1225337	663.3761
3900775	3900787	663.8604
942227	942237	665.3154
2168879	2168889	665.3154
1426514	1426524	665.3154
4276032	4276042	665.3154
3416797	3416807	665.3154
2850543	2850553	665.3154
1959673	1959683	665.3154
1726219	1726229	665.3154
4330366	4330378	666.2873
710451	710463	666.2873
2151025	2151037	668.724
3148152	3148164	671.6607
2153918	2153930	673.6264
2698309	2698321	674.1187
2191737	2191749	674.1187
3072720	3072732	674.1187
2493422	2493434	674.1187
41304	41314	675.5983
505338	505348	675.5983
505337	505347	678.5679
1720582	1720592	678.5679
2153920	2153930	678.5679
41303	41313	678.5679
1634789	1634801	681.5517
4276031	4276043	682.0504
2526018	2526030	683.0489
997229	997241	690.0836
1096562	1096574	690.0836
3572481	3572493	690.0836
3181678	3181690	692.1079
3048945	3048957	692.1079
3871805	3871817	692.1079
2742842	2742854	692.1079
1233405	1233417	699.7568
4096774	4096786	699.7568
1302450	1302462	699.7568
3419216	3419228	701.2976
1823587	1823597	705.4245
2887406	2887416	705.4245
1879664	1879674	705.4245
1825889	1825899	705.4245
430033	430043	705.4245
642731	642743	705.9422
3778145	3778157	705.9422
3874951	3874963	707.4978
3382097	3382109	710.0987
59585	59595	712.187
2482306	2482316	712.187
1731069	1731079	712.187
4082489	4082499	712.187
1092510	1092520	712.187
3738148	3738158	712.187
3430049	3430059	712.187
347659	347669	712.187
2759565	2759575	712.187
46928	46938	712.187
1302913	1302923	712.187
2224462	2224472	712.187
1553716	1553726	712.187
2585210	2585220	712.187
473143	473153	712.187
2855634	2855644	712.187
1560780	1560790	712.187
1465496	1465506	712.187
2921150	2921160	712.187
3603884	3603894	712.187
861731	861741	712.187
809562	809572	712.187
2886231	2886241	712.187
3187537	3187547	712.187
4022307	4022317	712.187
4373727	4373737	712.187
592177	592189	712.7101
271693	271705	715.3319
4294604	4294616	715.3319
3578381	3578393	715.3319
3140396	3140408	715.8575
3148151	3148163	716.91
368515	368527	718.4918
4222043	4222055	718.4918
592463	592475	719.5485
1619357	1619367	724.3246
83778	83790	726.9929
288062	288072	731.2843
3496620	3496630	731.2843
4171743	4171753	731.2843
3004174	3004184	731.2843
108716	108726	731.2843
3547674	3547684	731.2843
3075068	3075078	731.2843
3955593	3955603	731.2843
4120987	4120997	731.2843
78677	78687	731.2843
3058073	3058083	731.2843
334031	334041	731.2843
2446155	2446165	731.2843
430034	430044	731.2843
1758316	1758326	731.2843
643505	643515	731.2843
740928	740938	731.2843
2803241	2803251	731.2843
488073	488083	731.2843
3912679	3912689	731.2843
2398449	2398459	731.2843
3433232	3433242	731.2843
2583859	2583869	731.2843
2823229	2823239	731.2843
3161343	3161353	731.2843
2217192	2217202	731.2843
3350558	3350568	731.2843
1618333	1618345	731.8227
2124057	2124067	731.8227
4199025	4199037	742.1338
4388933	4388945	742.1338
1302911	1302923	742.1338
660130	660142	742.1338
3738146	3738158	742.1338
2823228	2823240	744.3246
3406446	3406458	744.3246
3953910	3953922	751.4934
1736926	1736936	752.603
2375257	2375267	752.603
3344539	3344549	752.603
4139573	4139583	752.603
1726272	1726282	752.603
1634791	1634801	752.603
14774	14784	752.603
740926	740938	752.603
2601676	2601688	752.603
4298723	4298733	752.603
640539	640549	752.603
3406998	3407008	752.603
2574147	2574157	752.603
3274805	3274817	752.603
1941651	1941661	752.603
4369078	4369088	752.603
3932085	3932095	752.603
3560084	3560094	752.603
3813688	3813698	752.603
1905154	1905164	752.603
2916961	2916971	752.603
4298724	4298734	752.603
1604770	1604780	752.603
3720363	3720375	762.1061
2485772	2485784	764.9259
3270746	3270754	766.6232
3213303	3213311	766.6232
3119374	3119382	766.6232
2560615	2560623	766.6232
4017116	4017124	766.6232
2585740	2585748	766.6232
3953913	3953921	766.6232
2221872	2221880	766.6232
2353659	2353667	766.6232
2577707	2577715	766.6232
3172364	3172372	766.6232
3560085	3560093	766.6232
3088661	3088669	766.6232
3080590	3080598	766.6232
3176487	3176495	766.6232
2187090	2187098	766.6232
2759566	2759574	766.6232
3269468	3269476	766.6232
2575869	2575877	766.6232
2716360	2716368	766.6232
2575870	2575878	766.6232
2924453	2924461	766.6232
2164452	2164460	766.6232
2285031	2285039	766.6232
2178994	2179002	766.6232
3955596	3955604	766.6232
2354501	2354509	766.6232
1683675	1683683	766.6232
1302448	1302456	766.6232
3462516	3462524	766.6232
4369079	4369087	766.6232
1066133	1066141	766.6232
1135267	1135275	766.6232
424144	424152	766.6232
1135280	1135288	766.6232
1305714	1305722	766.6232
1831141	1831149	766.6232
3473615	3473623	766.6232
1833753	1833761	766.6232
334032	334040	766.6232
3495414	3495422	766.6232
272005	272013	766.6232
1854389	1854397	766.6232
395812	395820	766.6232
1230156	1230164	766.6232
861732	861740	766.6232
609019	609027	766.6232
694252	694260	766.6232
4252685	4252693	766.6232
3573616	3573624	766.6232
1652377	1652385	766.6232
1672105	1672113	766.6232
1675678	1675686	766.6232
729442	729450	766.6232
642735	642743	766.6232
1683674	1683682	766.6232
639198	639206	766.6232
1685519	1685527	766.6232
639197	639205	766.6232
617595	617603	766.6232
3573617	3573625	766.6232
729441	729449	766.6232
263064	263072	766.6232
1218978	1218986	766.6232
1983875	1983883	766.6232
1368055	1368063	766.6232
3296579	3296587	766.6232
83782	83790	766.6232
41640	41648	766.6232
31491	31499	766.6232
29679	29687	766.6232
1251786	1251794	766.6232
4139574	4139582	766.6232
1368262	1368270	766.6232
4140237	4140245	766.6232
1996544	1996552	766.6232
4484553	4484561	766.6232
1274410	1274418	766.6232
2095723	2095731	766.6232
3778149	3778157	766.6232
1239825	1239833	766.6232
2095724	2095732	766.6232
13241	13249	766.6232
3544267	3544275	766.6232
1868507	1868515	766.6232
1233411	1233419	766.6232
660132	660144	768.3246
3160436	3160448	768.3246
4388931	4388943	768.3246
2886229	2886241	768.3246
2583858	2583870	768.3246
2914683	2914695	768.3246
3572097	3572109	768.3246
3350557	3350569	771.1694
4386699	4386709	778.6195
164374	164384	778.6195
2040928	2040938	778.6195
4484551	4484561	778.6195
3053931	3053941	778.6195
1778128	1778138	778.6195
1889556	1889566	778.6195
2585738	2585748	778.6195
334030	334040	778.6195
1353272	1353284	779.1958
2420838	2420850	779.7725
3874699	3874711	779.7725
59583	59595	780.9275
2914681	2914693	780.9275
4295932	4295940	783.823
723609	723617	783.823
1198957	1198965	783.823
2547094	2547102	783.823
1109893	1109901	783.823
1077133	1077141	783.823
4354038	4354046	783.823
2151962	2151970	783.823
883307	883315	783.823
3729131	3729139	783.823
2472920	2472928	783.823
1248901	1248909	783.823
2151031	2151039	783.823
3433242	3433250	783.823
2850546	2850554	783.823
4461249	4461257	783.823
3081749	3081757	783.823
2893776	2893784	783.823
203213	203221	783.823
2916962	2916970	783.823
2835357	2835365	783.823
181288	181296	783.823
3496972	3496980	783.823
2924452	2924460	783.823
3049191	3049199	783.823
28847	28855	783.823
3055974	3055982	783.823
4497	4505	783.823
113441	113449	783.823
715468	715476	783.823
2823232	2823240	783.823
4450933	4450941	783.823
673560	673568	783.823
672534	672542	783.823
3148156	3148164	783.823
609020	609028	783.823
2751821	2751829	783.823
2753431	2753439	783.823
482112	482120	783.823
3459021	3459029	783.823
538340	538348	783.823
3132468	3132476	783.823
505015	505023	783.823
3558004	3558012	783.823
2783915	2783923	783.823
4447794	4447802	783.823
3143232	3143240	783.823
3603885	3603893	783.823
3061002	3061010	783.823
3300812	3300820	783.823
1479053	1479061	783.823
1525058	1525066	783.823
2256607	2256615	783.823
3296580	3296588	783.823
3825756	3825764	783.823
1720585	1720593	783.823
1475846	1475854	783.823
3269469	3269477	783.823
3305463	3305471	783.823
3874042	3874050	783.823
2274534	2274542	783.823
1884489	1884497	783.823
1569111	1569119	783.823
1608349	1608357	783.823
2181338	2181346	783.823
3562659	3562667	783.823
1495368	1495376	783.823
4022308	4022316	783.823
1360140	1360148	783.823
4120906	4120914	783.823
3605040	3605048	783.823
4284686	4284694	783.823
2290501	2290509	783.823
3385962	3385970	783.823
1590638	1590646	783.823
4120905	4120913	783.823
4109807	4109815	783.823
4127950	4127958	783.823
2298160	2298168	783.823
4461247	4461257	785.5658
3406450	3406460	785.5658
2751819	2751829	785.5658
2954389	2954399	785.5658
3558002	3558012	785.5658
1475844	1475854	785.5658
1823581	1823593	786.7301
3274803	3274815	790.8198
3496618	3496630	790.8198
2803239	2803251	790.8198
3161341	3161353	790.8198
2823227	2823239	790.8198
1638918	1638930	790.8198
3075066	3075078	790.8198
3192329	3192341	800.8482
2969657	2969669	800.8482
726089	726101	800.8482
3545144	3545156	803.2278
1612643	1612655	803.2278
2353847	2353859	803.2278
2677778	2677790	809.2106
205981	205993	809.2106
354498	354510	809.8115
3605036	3605048	812.22
4233283	4233295	817.0605
3361695	3361707	818.2755
4370240	4370252	826.2209
2954388	2954398	826.2209
3081748	3081758	826.2209
4388934	4388944	826.2209
4187202	4187212	826.2209
981867	981879	826.2209
3406449	3406459	826.2209
1305713	1305723	826.2209
624566	624578	826.2209
3778147	3778157	826.8355
609017	609027	826.8355
1831139	1831149	826.8355
3061003	3061013	826.8355
2523911	2523921	826.8355
2923134	2923144	826.8355
83780	83790	826.8355
4140238	4140248	826.8355
3560083	3560093	826.8355
642733	642743	826.8355
2887404	2887416	828.6824
1177820	1177832	830.5338
2224459	2224471	832.3897
2783913	2783923	833.0093
482110	482120	833.0093
563148	563158	833.0093
2221871	2221881	833.0093
1225327	1225337	833.0093
2574148	2574158	833.0093
2753889	2753899	833.0093
1612646	1612656	833.0093
2359665	2359675	833.0093
694402	694412	833.0093
3143230	3143240	833.0093
3473614	3473624	833.0093
642734	642746	835.4928
3151974	3151986	835.4928
3874950	3874962	842.3639
3874883	3874895	845.5074
3603883	3603893	848.0313
2823230	2823240	848.0313
3049189	3049199	848.0313
4127948	4127958	848.0313
1720583	1720593	848.0313
3160435	3160447	849.9296
447187	447199	851.8325
3888220	3888232	860.1321
962547	962559	860.1321
330021	330033	860.1321
2676395	2676405	865.283
4213907	4213917	865.283
3406448	3406460	871.1179
572055	572067	875.0314
1196763	1196775	875.0314
640537	640549	879.6214
4298722	4298734	879.6214
1560777	1560789	882.2559
1006511	1006517	883.5764
3300402	3300408	883.5764
972956	972962	883.5764
1897617	1897623	883.5764
3947180	3947190	883.5764
1861840	1861846	883.5764
209194	209200	883.5764
3355927	3355933	883.5764
1732667	1732673	883.5764
3300270	3300276	883.5764
240266	240272	883.5764
1861081	1861087	883.5764
2884309	2884315	883.5764
2221870	2221880	883.5764
4435705	4435711	883.5764
4375351	4375357	883.5764
2368377	2368383	883.5764
3083870	3083876	883.5764
3605148	3605154	883.5764
240265	240271	883.5764
1072545	1072551	883.5764
272443	272449	883.5764
1858	1864	883.5764
3405302	3405308	883.5764
1433029	1433035	883.5764
27054	27060	883.5764
2153923	2153929	883.5764
3566311	3566317	883.5764
2159699	2159705	883.5764
3836359	3836365	883.5764
1065442	1065448	883.5764
41638	41648	883.5764
3171883	3171889	883.5764
1096564	1096574	883.5764
1085705	1085711	883.5764
48526	48532	883.5764
1077920	1077926	883.5764
3566312	3566318	883.5764
1531191	1531197	883.5764
1073510	1073516	883.5764
3514583	3514589	883.5764
3085241	3085247	883.5764
4461704	4461710	883.5764
329617	329623	883.5764
2742845	2742851	883.5764
3467906	3467912	883.5764
1758547	1758553	883.5764
512232	512238	883.5764
623607	623613	883.5764
3221627	3221633	883.5764
4442645	4442651	883.5764
2728942	2728948	883.5764
4217193	4217199	883.5764
4109806	4109816	883.5764
1847138	1847144	883.5764
2677783	2677789	883.5764
1677384	1677390	883.5764
3257059	3257065	883.5764
3785620	3785626	883.5764
3572483	3572493	883.5764
394795	394801	883.5764
699361	699367	883.5764
4252663	4252669	883.5764
1845965	1845971	883.5764
1619361	1619367	883.5764
342786	342796	883.5764
1619362	1619368	883.5764
2482303	2482315	888.8797
48391	48403	894.2176
1732532	1732544	894.2176
3725110	3725122	895.5575
555397	555409	895.5575
2250391	2250403	896.2283
1709583	1709595	896.8996
2159738	2159750	896.8996
1288756	1288768	896.8996
989998	990010	896.8996
4222042	4222054	897.5714
41306	41314	904.32
505340	505348	904.32
1619359	1619367	904.32
3148155	3148163	904.32
3900780	3900788	904.32
990002	990010	904.32
3416800	3416808	904.32
2742843	2742851	904.32
2779010	2779022	905.6763
3035904	3035916	905.6763
3585430	3585442	905.6763
4128459	4128471	905.6763
3675103	3675113	907.7149
1709584	1709594	907.7149
4294606	4294616	907.7149
3578383	3578393	907.7149
3605038	3605048	907.7149
3874040	3874050	907.7149
271695	271705	907.7149
883306	883316	907.7149
263709	263719	907.7149
2159739	2159749	907.7149
3148154	3148164	907.7149
113439	113449	907.7149
2916960	2916970	907.7149
2269076	2269086	907.7149
2611230	2611240	907.7149
963620	963632	907.7149
3140400	3140408	908.3955
3432923	3432931	908.3955
3382101	3382109	908.3955
3712668	3712676	908.3955
4284685	4284693	908.3955
2850545	2850553	908.3955
853499	853507	908.3955
942229	942237	908.3955
2753888	2753896	908.3955
3900779	3900787	908.3955
4302727	4302735	908.3955
2201029	2201037	908.3955
1426515	1426523	908.3955
751431	751439	908.3955
1426516	1426524	908.3955
1720584	1720592	908.3955
1726221	1726229	908.3955
4180314	4180322	908.3955
1935192	1935200	908.3955
4137647	4137655	908.3955
2151030	2151038	908.3955
2153922	2153930	908.3955
2168880	2168888	908.3955
4276034	4276042	908.3955
715888	715896	908.3955
2168881	2168889	908.3955
4461703	4461711	908.3955
3874703	3874711	908.3955
329616	329624	908.3955
240068	240076	908.3955
41305	41313	908.3955
505339	505347	908.3955
4450122	4450130	908.3955
395811	395819	908.3955
3874887	3874895	908.3955
3061001	3061013	909.7584
3557303	3557315	909.7584
2274533	2274543	915.9191
3192566	3192576	915.9191
3874701	3874711	915.9191
3900777	3900787	915.9191
4127949	4127959	915.9191
828087	828097	915.9191
3871808	3871818	915.9191
3729130	3729140	915.9191
2359664	2359676	917.2942
2753887	2753899	920.7419
563146	563158	920.7419
953618	953630	921.4331
4055163	4055175	921.4331
3572098	3572110	921.4331
1823583	1823595	921.4331
4061937	4061949	922.1249
1789709	1789721	922.1249
2068586	2068598	922.1249
1946210	1946222	925.5923
330020	330032	929.0738
3836220	3836232	929.0738
2493420	2493432	929.0738
592465	592477	931.1695
2676393	2676405	931.1695
3090062	3090074	936.7831
4340581	4340593	959.6069
2580805	2580817	959.6069
2044613	2044625	960.3297
1823582	1823594	961.0532
3545141	3545153	961.0532
3545143	3545155	961.0532
3459018	3459030	961.0532
1823580	1823592	961.0532
2575257	2575269	963.953
2771353	2771365	965.4064
2497940	2497952	966.8622
4388930	4388942	966.8622
3545147	3545159	967.591
2742844	2742854	974.177
3140398	3140408	974.177
3874885	3874895	974.177
2485774	2485784	974.177
4276033	4276043	974.177
751429	751439	974.177
3181680	3181690	974.177
3382099	3382109	974.177
3953912	3953922	974.177
2269074	2269086	980.072
3428455	3428463	980.8116
397832	397840	980.8116
1077918	1077926	980.8116
394794	394802	980.8116
3405300	3405308	980.8116
240264	240272	980.8116
205985	205993	980.8116
48524	48532	980.8116
1732665	1732673	980.8116
1006510	1006518	980.8116
4233287	4233295	980.8116
2124059	2124067	980.8116
2677781	2677789	980.8116
3900778	3900788	980.8116
2359662	2359672	980.8116
3257101	3257109	980.8116
2677782	2677790	980.8116
2870087	2870099	984.5185
2870019	2870031	984.5185
2870153	2870165	984.5185
4082843	4082855	984.5185
2870217	2870229	984.5185
2870283	2870295	984.5185
2870349	2870361	984.5185
2870415	2870427	984.5185
2870481	2870493	984.5185
2060850	2060862	984.5185
2870545	2870557	984.5185
2870807	2870819	984.5185
2869953	2869965	984.5185
102630	102642	984.5185
2869885	2869897	984.5185
2869819	2869831	984.5185
2869752	2869764	984.5185
2869689	2869701	984.5185
572049	572061	986.75
3874077	3874089	986.75
1547442	1547454	988.2407
4440171	4440183	988.9869
2186926	2186938	995.7308
2676392	2676404	995.7308
1250446	1250458	995.7308
2274531	2274543	1006.32
4495639	4495651	1028.645
3151976	3151986	1030.205
3350559	3350569	1030.205
4297187	4297197	1030.205
3161344	3161354	1030.205
3160437	3160447	1030.205
624565	624577	1032.548
2886230	2886240	1033.331
1458729	1458739	1033.331
447189	447199	1033.331
3274801	3274813	1034.114
515048	515060	1037.253
3874036	3874048	1049.913
3148153	3148163	1057.108
990000	990010	1057.108
3165535	3165547	1065.164
4085240	4085252	1065.164
592179	592191	1065.164
3361696	3361708	1084.772
2021948	2021960	1084.772
2945738	2945750	1084.772
1612648	1612660	1114.919
3132464	3132476	1114.919
2523910	2523922	1114.919
3048946	3048958	1114.919
694871	694881	1116.621
1789711	1789721	1116.621
4061939	4061949	1116.621
1946212	1946222	1116.621
3605143	3605153	1116.621
963622	963632	1116.621
2384684	2384694	1117.472
1288757	1288769	1122.597
2186927	2186939	1122.597
2358557	2358569	1122.597
1851847	1851859	1122.597
2676394	2676406	1122.597
3900774	3900786	1129.469
1693440	1693452	1130.332
3416799	3416811	1132.923
1959675	1959687	1132.923
3192327	3192339	1132.923
563147	563159	1132.923
205983	205993	1138.993
4233285	4233295	1138.993
2677780	2677790	1138.993
1475842	1475854	1143.351
4222041	4222053	1143.351
2046712	2046724	1164.52
2049215	2049227	1164.52
3879229	3879241	1164.52
2304660	2304672	1164.52
1458727	1458739	1181.58
2384682	2384694	1183.391
2068588	2068600	1197.99
555399	555409	1201.671
3874080	3874090	1201.671
3874079	3874089	1201.671
2224461	2224473	1201.671
2482305	2482317	1201.671
2159740	2159750	1201.671
963621	963631	1201.671
3545151	3545161	1201.671
1250449	1250459	1201.671
1709585	1709595	1201.671
3725112	3725122	1201.671
2044615	2044625	1202.592
1732534	1732544	1202.592
722711	722721	1202.592
3428584	3428594	1202.592
1547444	1547454	1202.592
3874954	3874964	1202.592
3820554	3820564	1202.592
2250393	2250403	1202.592
48393	48403	1202.592
1368052	1368064	1205.363
1368259	1368271	1205.363
2157063	2157075	1209.068
3760027	3760039	1209.068
3495411	3495423	1209.068
3258033	3258045	1213.716
3259106	3259118	1213.716
1235075	1235087	1213.716
2073441	2073453	1217.448
2575252	2575264	1219.319
1560779	1560789	1220.255
3459020	3459030	1220.255
3605144	3605154	1228.72
2771355	2771365	1228.72
4495634	4495646	1231.555
2676390	2676402	1232.502
640535	640547	1232.502
3143231	3143243	1232.502
2560612	2560624	1233.449
1569108	1569120	1233.449
3675007	3675019	1233.449
2923129	2923141	1234.398
1925642	1925654	1234.398
263706	263718	1234.398
4435118	4435130	1234.398
4314978	4314990	1234.398
3094390	3094402	1234.398
1250447	1250459	1244.881
1288758	1288770	1244.881
3562654	3562666	1245.839
3605141	3605153	1248.717
572050	572062	1248.717
1225322	1225334	1248.717
1826056	1826068	1260.301
691344	691356	1260.301
572052	572064	1264.189
1959676	1959688	1273.964
1612644	1612656	1273.964
2783911	2783923	1273.964
4277893	4277905	1273.964
1833754	1833766	1280.855
2388591	2388603	1280.855
3545145	3545157	1280.855
3557305	3557317	1295.757
722709	722721	1301.77
3181677	3181689	1321.011
4082845	4082855	1323.054
2021951	2021961	1323.054
2060852	2060862	1323.054
1196767	1196777	1323.054
2945740	2945750	1323.054
3361698	3361708	1323.054
563144	563156	1342.635
4494258	4494270	1342.635
2753885	2753897	1342.635
4140154	4140166	1353.066
3874078	3874090	1356.212
2448911	2448923	1359.367
550429	550441	1359.367
4056012	4056024	1361.474
2577702	2577714	1361.474
3674996	3675008	1364.641
2422764	2422776	1372.063
1196766	1196778	1390.269
1239820	1239832	1390.269
3469588	3469600	1390.269
2021950	2021962	1390.269
2778668	2778680	1390.269
3056715	3056727	1390.269
2269073	2269085	1403.277
3305460	3305472	1403.277
1135275	1135287	1409.83
3469586	3469598	1413.119
4266932	4266944	1416.416
421473	421485	1416.416
4222036	4222048	1429.688
2226072	2226082	1430.8
1693442	1693452	1430.8
3545152	3545162	1430.8
4442565	4442575	1430.8
2351127	2351139	1433.027
691345	691357	1433.027
3300265	3300277	1440.85
3300397	3300409	1440.85
997231	997243	1456.636
3416794	3416806	1456.636
1773	1785	1464.598
3712665	3712677	1466.882
2493419	2493431	1469.169
592175	592187	1469.169
1499050	1499062	1469.169
2493421	2493433	1469.169
2575863	2575875	1474.905
572053	572065	1493.421
2021949	2021961	1493.421
1196764	1196776	1493.421
1196765	1196777	1493.421
113437	113449	1512.188
3469585	3469597	1512.188
4442563	4442575	1512.188
2274529	2274541	1515.735
3871809	3871819	1515.735
3048947	3048959	1515.735
4369074	4369086	1515.735
1135264	1135276	1532.406
1572489	1572501	1536.004
2290497	2290509	1563.894
4109803	4109815	1563.894
3296575	3296587	1567.572
3406445	3406457	1572.49
3675099	3675111	1579.899
3060998	3061010	1579.899
4120902	4120914	1579.899
1833748	1833760	1589.835
2006336	2006348	1596.08
828084	828096	1596.08
4494257	4494269	1596.08
2359660	2359672	1623.871
3900776	3900788	1623.871
3871807	3871819	1623.871
505008	505020	1649.588
4495641	4495653	1677.063
953620	953632	1686.331
1833749	1833761	1690.32
3791222	3791232	1733.503
4266934	4266944	1733.503
962550	962560	1733.503
421475	421485	1733.503
4140156	4140166	1737.612
2191738	2191750	1743.107
1638913	1638925	1752.767
1918246	1918258	1752.767
3354216	3354228	1800.518
2095720	2095732	1810.522
2583856	2583868	1820.585
4495636	4495646	1823.471
3760029	3760039	1823.471
2923131	2923141	1823.471
3495413	3495423	1823.471
1225324	1225334	1824.916
3181679	3181689	1824.916
3562656	3562666	1824.916
1368261	1368271	1824.916
3094392	3094402	1824.916
1925644	1925654	1824.916
1368054	1368064	1824.916
1683671	1683683	1830.709
395807	395819	1874.786
4222037	4222049	1874.786
4495635	4495647	1874.786
694398	694410	1880.749
828083	828095	1900.269
563143	563155	1900.269
2359659	2359671	1900.269
3459017	3459029	1903.291
3296576	3296588	1903.291
3562655	3562667	1903.291
1959672	1959684	1903.291
4330367	4330379	1929.19
4067080	4067092	1930.725
2358558	2358570	1961.707
1135276	1135288	1982.132
3955592	3955604	1982.132
3419219	3419229	1997.999
2448913	2448923	1997.999
3675009	3675019	1997.999
550431	550441	1997.999
4056014	4056024	2001.188
2577704	2577714	2001.188
3305462	3305472	2036.638
1569110	1569120	2036.638
2269075	2269085	2036.638
3259108	3259118	2036.638
1239822	1239832	2041.524
1235077	1235087	2041.524
1135277	1135287	2041.524
4330369	4330379	2041.524
3056717	3056727	2041.524
2778670	2778680	2041.524
2778669	2778681	2044.788
2753884	2753896	2052.974
2151026	2151038	2052.974
4314980	4314992	2071.106
4435120	4435132	2082.734
263708	263720	2082.734
1135266	1135276	2091.083
1638917	1638927	2091.083
144465	144475	2091.083
953622	953632	2091.083
3725111	3725123	2124.839
1619356	1619368	2160.913
3035905	3035917	2169.599
3344540	3344550	2173.083
2290499	2290509	2173.083
3557306	3557316	2173.083
4120904	4120914	2173.083
3061000	3061010	2173.083
4109805	4109815	2173.083
2583855	2583867	2180.071
1918248	1918258	2183.574
3296577	3296587	2183.574
2006338	2006348	2183.574
4494259	4494269	2183.574
3270744	3270754	2183.574
2550616	2550626	2183.574
3874886	3874896	2183.574
1833751	1833761	2183.574
828086	828096	2183.574
4369077	4369087	2183.574
3712667	3712677	2218.936
4222038	4222048	2218.936
4369075	4369087	2218.936
2422766	2422778	2265.829
3406447	3406459	2276.8
4369076	4369088	2300.768
1638914	1638926	2300.768
3545148	3545160	2308.197
3416796	3416808	2345.731
3874953	3874965	2347.625
3675101	3675113	2409.1
2575864	2575876	2416.905
3300267	3300277	2442.459
3300399	3300409	2442.459
2870743	2870755	2442.459
2870675	2870687	2442.459
2870610	2870622	2442.459
710452	710464	2442.459
113436	113448	2486.366
1775	1785	2492.419
1637900	1637912	2524.967
1612649	1612661	2524.967
997233	997245	2524.967
2519551	2519563	2524.967
997232	997244	2524.967
1683673	1683683	2541.412
3955594	3955604	2541.412
2095722	2095732	2541.412
1239823	1239833	2541.412
1135278	1135288	2541.412
3605035	3605047	2589.334
2151027	2151039	2597.767
1833752	1833764	2608.349
1935190	1935200	2659.79
2151028	2151038	2659.79
4222039	4222049	2659.79
4495637	4495647	2659.79
3562657	3562667	2659.79
3459019	3459029	2659.79
2753886	2753896	2659.79
3296578	3296588	2659.79
563145	563155	2659.79
828085	828095	2659.79
2151029	2151039	2659.79
395809	395819	2659.79
694400	694412	2679.36
2359663	2359675	2679.36
1959674	1959686	2679.36
1569112	1569120	2752.447
3562658	3562666	2752.447
4495638	4495646	2752.447
691349	691357	2752.447
691348	691356	2752.447
4330371	4330379	2752.447
1135279	1135287	2752.447
4402367	4402375	2752.447
3675010	3675018	2752.447
3675011	3675019	2752.447
1225326	1225334	2752.447
550433	550441	2752.447
1239824	1239832	2752.447
1368056	1368064	2752.447
1368263	1368271	2752.447
4314983	4314991	2752.447
1235079	1235087	2752.447
3675104	3675112	2752.447
3259110	3259118	2752.447
4067085	4067093	2752.447
3725115	3725123	2752.447
2778672	2778680	2752.447
4056016	4056024	2752.447
3258037	3258045	2752.447
2420844	2420852	2752.447
2448915	2448923	2752.447
2355574	2355582	2752.447
3181681	3181689	2752.447
2575256	2575264	2752.447
3495415	3495423	2752.447
3094394	3094402	2752.447
2577706	2577714	2752.447
3056719	3056727	2752.447
3874704	3874712	2752.447
2923133	2923141	2752.447
2560616	2560624	2752.447
2269077	2269085	2752.447
2778673	2778681	2752.447
2157068	2157076	2752.447
3419221	3419229	2752.447
2069042	2069050	2752.447
1925646	1925654	2752.447
3305464	3305472	2752.447
3446008	3446016	2752.447
3760031	3760039	2752.447
751430	751440	2779.551
3874702	3874712	2779.551
3419217	3419229	2850.901
3161342	3161354	2890.859
1693439	1693451	2921.819
4067084	4067094	2943.461
1826060	1826070	2943.461
2420843	2420853	2943.461
2157067	2157077	2943.461
2351131	2351141	2943.461
4314982	4314992	2943.461
2778671	2778681	2943.461
3725113	3725123	2962.843
691347	691357	2962.843
4435122	4435132	2962.843
2422767	2422777	2962.843
2422768	2422778	2962.843
263710	263720	2962.843
4067082	4067094	3059.303
2420841	2420853	3059.303
2157065	2157077	3059.303
3545146	3545158	3135.789
1619358	1619368	3185.287
2351129	2351141	3249.007
3545149	3545161	3333.338
3300269	3300277	3428.529
113440	113448	3428.529
3416798	3416806	3428.529
1572493	1572501	3428.529
3605039	3605047	3428.529
505014	505022	3428.529
1777	1785	3428.529
3712669	3712677	3428.529
1619360	1619368	3428.529
3300401	3300409	3428.529
3874038	3874050	3514.935
505012	505022	3661.11
3605037	3605047	3661.11
113438	113448	3661.11
495371	495383	3738.179
3874700	3874712	3855.439
2420839	2420851	3855.439
505009	505021	3881.305
1693441	1693451	3993.322
4222040	4222052	4084.735
2677779	2677789	4545.701
962548	962560	4576.539
3953909	3953921	4815.058
395808	395820	4815.058
1638916	1638928	4860.206
2583857	2583869	4860.206
3270742	3270754	4914.146
639194	639206	5153.903
694399	694411	5162.693
505010	505022	5351.021
3675100	3675112	5884.856
1833750	1833762	6017.919
3557304	3557316	6090.891
4314979	4314991	6223.551
2157064	2157076	6299.18
2359661	2359673	6408.923
4067081	4067093	6408.923
3605142	3605154	6420.008
2575865	2575877	6442.241
2472918	2472928	6565.992
694401	694411	6565.992
3825754	3825764	6565.992
729440	729450	6680.689
395810	395820	6680.689
639196	639206	6680.689
3953911	3953921	6680.689
505011	505023	6838.92
2420840	2420852	7841.543
3874952	3874964	7973.084
572051	572063	8156.898
2157066	2157076	8323.257
2575867	2575877	8323.257
2575868	2575878	8323.257
3675102	3675112	8323.257
4314981	4314991	8323.257
2420842	2420852	8485.756
2560614	2560624	8485.756
4067083	4067093	8485.756
2575866	2575878	8697.46
505013	505023	8922.646
3545150	3545162	9721.919
1638915	1638927	13072.54
